#Seq2Logo.py -I 1 -f /home/hym/trunk/TCRBert/output/exp1/immunecode.cdr3b_16.fa -o /home/hym/trunk/TCRBert/output/exp1/immunecode.cdr3b_16_logo --format PDF
Last position-specific scoring matrix computed, values are in halfbits
A R N D C Q E G H I L K M F P S T W Y V
0 C 0.469 -3.522 -3.522 -3.522 6.827 -4.358 -3.522 -1.531 -5.54 -0.611 0.469 -2.889 -3.522 -2.889 -3.522 -0.882 -1.188 -7.505 -4.358 0.085
1 A 5.484 -1.593 -1.946 -1.629 -2.759 -2.144 -0.821 0.966 -3.725 -0.792 0.132 -0.569 -3.344 -2.718 -1.791 1.891 -0.133 -6.719 -3.317 0.53
2 S 2.019 -1.203 -0.513 -0.769 -0.706 -1.793 -0.515 0.219 -3.341 -0.907 0.208 -0.384 -3.32 -2.37 -2.064 4.435 1.26 -1.561 -2.956 0.303
3 S 1.266 2.142 -0.559 -0.868 -0.854 -0.319 -0.261 -0.147 -3.074 -1.199 0.904 0.443 -3.15 -2.609 -2.217 3.83 1.206 -6.668 -3.275 -0.537
4 G 0.381 0.126 0.082 1.212 -4.428 0.082 0.583 1.825 -2.925 -0.789 0.859 0.486 -3.24 0.618 -0.238 1.523 0.474 -5.847 -0.832 0.053
5 P 1.657 0.694 -0.091 0.117 -4.102 -1.294 -0.575 1.886 -3.351 -0.619 1.454 0.458 -3.136 -2.311 2.498 1.425 0.175 -6.394 -3.33 0.232
6 G 1.088 -0.368 -1.048 1.057 -4.317 -2.13 -0.957 4.162 -3.648 -0.918 0.165 -0.781 -2.206 -0.65 1.748 -0.027 1.008 -4.804 -3.145 0.028
7 G 1.295 1.662 -0.936 1.014 -4.182 -0.59 0.349 3.155 -3.279 -0.693 1.307 0.059 -3.177 -2.593 -2.62 1.089 1.29 -6.627 -3.524 0.238
8 G 1.268 0.778 -1.618 -1.359 -4.328 -0.545 0.782 3.357 -3.223 -0.517 2.23 -0.239 -2.6 -0.113 -2.956 -0.287 0.418 -1.217 -0.817 -0.2
9 N 1.301 -1.329 3.567 0.732 -4.106 -2.044 -0.831 0.979 -2.621 0.643 1.207 -0.695 -1.8 -1.749 -2.854 1.078 -0.387 -6.313 -1.262 1.503
10 T 0.47 -0.93 0.017 -1.153 -3.848 -0.082 -0.631 0.553 -1.106 0.475 1.152 0.312 -2.852 -1.825 -0.293 1.031 3.445 -6.08 -1.077 0.889
11 G 0.183 -1.421 2.03 2.132 -5.054 -1.572 1.936 4.384 -2.56 -2.356 -1.259 -0.479 -4.488 -2.047 -2.796 0.015 -0.298 -5.92 -0.255 -1.741
12 E 0.223 -0.633 -0.923 0.785 -4.754 -0.169 4.737 -1.185 -2.689 -0.485 -0.261 0.466 -3.605 -2.962 -2.199 0.427 2.304 -6.591 -3.382 -0.362
13 L 0.564 -0.083 -1.541 -1.341 -4.388 3.653 0.682 -1.264 -2.694 0.218 3.787 0.474 -1.667 -1.805 -2.875 -0.546 -1.023 -6.259 -2.781 0.188
14 F -1.169 -2.517 -3.061 -3.281 -4.929 -3.632 -2.517 -2.268 -1.719 -0.045 1.516 -2.341 -2.611 5.137 -4.203 -1.957 -2.111 -2.664 4.245 -0.218
15 F -1.418 -3.08 -3.418 -3.418 -4.764 -4.764 -3.08 -2.242 -3.418 0.397 2.095 -3.08 -2.242 6.309 -4.764 -2.242 -2.242 -3.418 1.369 -0.013