#Seq2Logo.py -I 1 -f /home/hym/trunk/TCRBert/output/exp1/immunecode.cdr3b_13.fa -o /home/hym/trunk/TCRBert/output/exp1/immunecode.cdr3b_13_logo --format PDF
Last position-specific scoring matrix computed, values are in halfbits
A R N D C Q E G H I L K M F P S T W Y V
0 C 0.495 -3.496 -3.496 -3.496 6.804 -4.332 -3.496 -1.505 -5.514 -0.585 0.495 -2.863 -3.496 -2.863 -3.496 -0.856 -1.162 -7.478 -4.332 0.111
1 A 5.166 -1.553 -1.681 -1.479 -2.843 -2.104 -0.797 1.824 -3.661 -0.907 0.025 -0.541 -3.404 -2.734 -1.819 2.215 -0.055 -6.7 -3.347 0.388
2 S 1.5 -1.155 -0.399 0.466 -3.366 -1.806 -0.433 1.26 -3.427 -0.361 0.03 -0.387 -3.271 -2.507 -2.034 3.819 2.537 -6.587 -3.297 1.079
3 S 1.54 -0.722 -0.301 -0.081 -3.665 0.078 1.867 1.46 -2.856 -1.636 -0.671 0.182 -3.549 -2.846 -1.87 4.067 1.207 -6.701 -3.322 -0.815
4 E 0.095 1.061 -0.849 2.045 -4.65 0.7 2.163 -0.968 -2.878 -0.4 2.089 0.225 -2.787 -0.427 0.573 0.558 -0.817 -6.377 -2.46 0.255
5 G 1.194 -1.206 -1.106 0.198 -3.988 0.376 0.385 2.651 -3.477 0.571 2.518 -0.489 -2.462 -1.958 -1.709 1.108 1.106 -2.866 -3.094 0.397
6 G 1.446 1.198 1.969 1.777 -4.3 -1.877 -0.542 3.109 -3.09 -1.024 1.534 -0.162 -3.295 -2.538 -2.706 0.776 0.489 -6.737 -3.621 -0.647
7 S 1.199 -1.141 0.509 1.808 -4.115 -0.582 0.983 2.607 -2.849 -1.647 -0.632 -0.268 -3.797 -1.208 -2.021 2.733 1.407 -6.113 -1.11 -0.9
8 G 0.852 -1.617 0.83 1.381 -4.463 -1.882 1.427 3.838 -3.222 -0.653 2.39 -0.753 -2.962 -1.853 -2.897 -0.214 -0.236 -2.814 -2.07 -0.528
9 E 0.258 -0.288 -0.849 0.881 -5.168 -0.013 4.779 1.55 -2.542 -2.138 -0.908 1.43 -4.02 -3.313 -2.208 0.234 0.885 -6.622 -3.51 -1.236
10 L 2.192 -0.519 -1.758 -1.361 -4.067 2.52 0.893 -0.82 -2.537 0.054 3.229 0.114 -1.999 -0.995 -2.696 -0.232 -0.96 -5.436 0.238 0.249
11 F -0.925 -2.459 -2.762 -2.979 -4.649 -3.612 -2.411 -2.034 -2.201 0.088 1.608 -2.227 -2.525 5.19 -3.976 -1.386 0.156 -3.034 3.416 -0.034
12 F -1.392 -3.054 -3.392 -3.392 -4.738 -4.738 -3.054 -2.216 -3.392 0.423 2.121 -3.054 -2.216 6.276 -4.738 -2.216 -2.216 -3.392 1.395 0.013