#Seq2Logo.py -I 1 -f /home/hym/trunk/TCRBert/output/exp1/immunecode.cdr3b_14.fa -o /home/hym/trunk/TCRBert/output/exp1/immunecode.cdr3b_14_logo --format PDF
Last position-specific scoring matrix computed, values are in halfbits
A R N D C Q E G H I L K M F P S T W Y V
0 C 0.603 -3.389 -3.389 -3.389 6.704 -4.225 -3.389 -1.397 -5.406 -0.478 0.603 -2.755 -3.389 -2.755 -3.389 -0.748 -1.055 -7.371 -4.225 0.219
1 A 5.007 -1.373 -1.518 -1.314 -2.685 -1.923 -0.601 1.052 -3.504 -0.758 0.172 -0.372 -3.242 -2.595 -1.657 2.421 0.181 -6.597 -3.184 0.537
2 S 2.567 -0.867 -0.348 -0.575 -3.113 -1.518 -0.28 0.484 -3.174 -0.409 0.03 -0.136 -3.17 -2.418 -1.818 4.165 1.177 -4.944 -3.068 0.91
3 S 1.734 0.84 -0.075 0.279 -3.571 -0.959 1.311 0.3 -2.377 -1.582 -0.405 0.418 -3.408 -2.682 -1.571 4.089 0.938 -6.603 -3.012 -0.698
4 L 0.365 -0.451 -1.672 -0.995 -4.178 -0.008 1.402 2.85 -3.438 0.997 3.022 -0.291 -2.159 -1.735 0.447 -0.281 -0.965 -5.775 -3.157 1.063
5 G 0.176 -1.562 1.956 2.046 -4.29 -2.191 -0.583 2.842 -1.31 0.236 1.149 -0.841 -3.171 -2.128 -0.686 0.022 0.739 -1.858 -2.907 1.008
6 R 0.843 2.308 -0.429 -0.994 -4.138 0.287 0.021 2.079 -2.136 -0.047 0.89 0.594 -2.933 -2.505 0.149 1.801 0.163 -5.876 -3.101 0.474
7 G 0.837 -0.516 2.378 0.047 -4.414 -2.107 -1.027 4.563 -1.941 -1.44 0.42 -0.571 -3.706 -0.627 -2.808 1.081 -0.717 -5.959 -1.354 -0.918
8 A 2.54 -1.324 0.375 0.586 -3.547 -1.738 0.694 1.805 -3.358 -0.02 0.84 -0.417 -3.128 -2.45 0.072 1.522 1.91 -6.645 -3.341 0.674
9 G 0.042 -1.002 2.426 1.652 -4.667 -0.168 1.109 2.622 -1.693 0.295 0.02 -0.236 -3.476 -1.505 -2.711 0.141 0.389 -5.679 -0.103 -0.243
10 E 0.441 -0.742 -0.99 0.635 -4.619 -0.339 4.103 1.195 -2.765 -0.855 -0.239 0.373 -3.612 -2.941 0.746 0.29 1.249 -6.621 -3.381 0.452
11 Q 1.049 0.06 -1.334 -1.158 -4.331 3.296 0.848 -0.95 -2.178 -0.067 2.933 0.639 -1.886 -1.188 -2.653 -0.25 -0.881 -5.442 -0.148 0.082
12 F -0.61 -2.016 -2.088 -2.451 -4.465 -3.018 -1.878 -1.692 0.203 0.035 1.485 -1.758 -2.532 4.604 -3.554 -0.838 0.905 -3.256 2.924 0.009
13 F -1.284 -2.946 -3.284 -3.284 -4.63 -4.63 -2.946 -2.109 -3.284 0.531 2.229 -2.946 -2.109 6.133 -4.63 -2.109 -2.109 -3.284 1.503 0.121