#Seq2Logo.py -I 1 -f /home/hym/trunk/TCRBert/output/exp1/shomuradova.cdr3b_11.fa -o /home/hym/trunk/TCRBert/output/exp1/shomuradova.cdr3b_11_logo --format PDF
Last position-specific scoring matrix computed, values are in halfbits
A R N D C Q E G H I L K M F P S T W Y V
0 C 0.686 -3.305 -3.305 -3.305 6.622 -4.141 -3.305 -1.314 -5.323 -0.395 0.686 -2.672 -3.305 -2.672 -3.305 -0.665 -0.971 -7.288 -4.141 0.302
1 A 5.24 -1.451 -2.003 -1.574 -2.493 -2.003 -0.679 1.223 -3.584 -0.493 0.426 -0.407 -3.1 -2.493 -1.574 1.46 -0.077 -6.493 -3.1 0.85
2 S 2.05 -0.679 1.215 0.028 -3.22 -1.249 0.05 0.739 -2.683 -1.633 -0.642 0.155 -3.483 -2.622 -1.652 4.336 1.259 -6.634 -3.125 -0.668
3 S 1.861 1.767 -0.014 -0.353 -3.413 -1.079 0.012 1.039 -2.765 -1.679 -0.534 0.661 -3.443 -2.683 -1.78 3.989 1.104 -6.539 -3.133 -0.717
4 P 0.443 0.454 0.339 1.899 -4.228 -1.624 -0.356 -0.852 -3.344 0.067 2.952 -0.277 -2.334 -1.828 3.145 -0.203 -0.768 -5.323 -3.216 0.046
5 D 0.797 -1.407 -0.194 3.355 -4.068 -1.592 1.298 2.602 -3.281 -0.113 0.006 -0.415 -3.486 -2.647 -2.336 1.447 0.657 -6.779 -3.58 1.165
6 D -0.192 -1.637 -1.021 2.741 -4.473 -1.731 1.629 -0.278 -2.491 1.841 1.554 -0.727 -2.605 1.135 -2.875 -0.297 -1.008 -4.752 1.161 1.02
7 T 1.094 -0.842 -0.649 0.009 -3.899 -0.398 2.408 2.843 -3.067 -0.892 0.025 0.104 -3.352 -2.7 -2.055 0.966 2.906 -6.346 -3.313 -0.021
8 Q 1.276 0.366 -0.921 -0.624 -2.172 3.397 1.25 -0.599 -1.497 -1.342 0.098 0.988 -2.757 -0.848 -2.386 0.144 -0.655 -4.692 1.378 -0.594
9 Y -0.263 -1.704 -1.968 -2.359 -4.344 -2.505 -1.617 -1.635 -1.085 -0.156 1.067 -1.302 -2.734 3.033 -3.09 -0.437 1.347 -2.503 4.391 0.112
10 F -1.201 -2.863 -3.201 -3.201 -4.547 -4.547 -2.863 -2.025 -3.201 0.614 2.312 -2.863 -2.025 6.013 -4.547 -2.025 -2.025 -3.201 1.586 0.204