#Seq2Logo.py -I 1 -f /home/hym/trunk/TCRBert/output/exp1/shomuradova.cdr3b_13.fa -o /home/hym/trunk/TCRBert/output/exp1/shomuradova.cdr3b_13_logo --format PDF
Last position-specific scoring matrix computed, values are in halfbits
A R N D C Q E G H I L K M F P S T W Y V
0 C 0.589 -3.402 -3.402 -3.402 6.717 -4.238 -3.402 -1.411 -5.42 -0.491 0.589 -2.769 -3.402 -2.769 -3.402 -0.762 -1.068 -7.385 -4.238 0.205
1 A 5.29 -1.482 -1.861 -1.53 -2.633 -2.034 -0.711 1.092 -3.615 -0.661 0.262 -0.456 -3.22 -2.597 -1.671 1.835 -0.033 -6.598 -3.197 0.664
2 S 1.676 -0.484 -0.63 -0.914 -2.473 -1.775 -0.552 0.153 -2.848 -0.76 -0.033 -0.306 -3.289 -1.223 -0.922 3.634 0.97 0.807 -0.097 0.135
3 S 1.664 -0.913 -0.268 -0.564 -3.525 -0.332 -0.181 2.748 -3.037 -1.078 1.06 -0.113 -3.021 -2.416 -2.015 3.824 0.731 -6.547 -3.215 -0.524
4 D 0.04 -1.189 -0.355 2.849 -4.547 -0.572 1.994 1.657 -2.893 -0.43 2.241 -0.379 -2.734 0.374 -2.666 0.141 0.22 -5.88 -1.446 -0.344
5 G 1.865 1.134 -1.515 -1.704 -3.93 -1.696 -1.052 3.101 -0.418 -0.06 2.516 -0.325 -2.122 -1.595 -2.79 -0.048 0.318 -0.732 -2.311 0.375
6 N -0.063 -0.992 4.276 2.231 -4.57 -1.704 -0.243 1.678 -2.283 -0.407 0.264 -0.343 -3.666 -2.66 -2.717 0.635 0.784 -6.931 -3.53 -0.118
7 G 1.272 -0.903 0.581 0.98 -3.888 0.182 -0.051 2.492 -2.642 -1.326 -0.367 -0.128 -3.473 -1.781 -2.202 2.485 2.05 -5.763 -0.404 -0.547
8 G 0.291 -0.887 1.204 -0.692 -4.559 -0.38 0.493 4.154 -2.703 -0.397 2.126 0.619 -2.852 -1.352 -2.892 -0.303 -1.167 -5.649 -0.429 -0.514
9 E 0.142 -0.559 -0.915 1.8 -4.896 -0.23 4.28 -1.164 -2.671 0.166 0.003 0.882 -3.497 -2.85 0.592 0.042 0.344 -6.703 -3.365 0.235
10 L 1.882 -0.342 -1.711 -1.483 -3.868 2.621 0.359 -0.827 -2.902 0.543 3.839 0.238 -1.514 -1.505 -2.68 -0.252 -0.837 -6.153 -2.708 0.578
11 F -1.039 -2.089 -2.296 -2.714 -4.88 -3.109 -1.961 -1.922 1.419 -0.082 1.51 -1.988 -2.546 4.929 -3.981 -1.68 -2.017 -3.015 3.303 -0.305
12 F -1.298 -2.96 -3.298 -3.298 -4.644 -4.644 -2.96 -2.122 -3.298 0.517 2.215 -2.96 -2.122 6.152 -4.644 -2.122 -2.122 -3.298 1.489 0.107