#Seq2Logo.py -I 1 -f /home/hym/trunk/TCRBert/output/exp1/shomuradova.cdr3b_16.fa -o /home/hym/trunk/TCRBert/output/exp1/shomuradova.cdr3b_16_logo --format PDF
Last position-specific scoring matrix computed, values are in halfbits
A R N D C Q E G H I L K M F P S T W Y V
0 C 0.7 -3.291 -3.291 -3.291 6.608 -4.127 -3.291 -1.3 -5.309 -0.38 0.7 -2.658 -3.291 -2.658 -3.291 -0.651 -0.957 -7.274 -4.127 0.316
1 A 4.822 -1.276 -1.424 -1.219 -2.587 -1.827 -0.505 1.15 -3.408 -0.66 0.27 -0.275 -3.145 -2.497 -1.56 2.349 0.277 -6.5 -3.086 0.636
2 S 2.65 -1.255 -0.976 -1.109 -3.003 -1.921 -0.735 0.143 -3.514 0.918 2.646 -0.477 -2.083 -1.557 -2.02 2.741 1.562 -6.293 -2.894 0.955
3 R 0.637 3.509 -0.746 -1.111 -4.436 -0.1 -0.07 -0.444 -2.593 -1.837 -0.276 1.203 -3.373 -1.836 -2.61 2.059 -0.168 2.136 -1.75 -1.114
4 D 0.358 -0.397 -0.244 3.247 -4.717 -1.216 0.774 3.172 -3.175 -1.378 -0.317 1.735 -3.916 -2.55 0.785 0.183 0.066 -6.836 -3.641 -0.98
5 G 1.609 -1.273 -1.181 -0.881 -3.771 -1.624 -0.617 3.916 -2.888 0.584 1.602 -0.664 -2.821 -1.796 0.979 1.161 0.014 -5.19 -2.891 0.519
6 G 2.109 -0.328 -0.524 -0.125 -4.075 -0.866 1.323 4.166 -0.611 -1.305 0.054 -0.03 -3.586 -2.528 -1.441 0.841 -0.514 -4.305 -2.669 -0.394
7 G 1.493 2.285 -0.835 -0.17 -4.322 0.025 1.43 3.615 -2.804 -1.407 0.064 0.779 -2.035 -2.752 -2.415 0.454 0.081 -6.313 -3.332 -0.701
8 G 0.562 -0.464 -1.089 -0.494 -4.385 0.679 1.969 2.303 0.918 0.552 2.103 0.056 -1.814 -1.723 -2.686 -0.335 -0.96 -3.555 -2.108 0.491
9 N -0.514 -0.377 5.424 1.523 -5.01 -1.199 -0.068 0.701 -1.402 -2.361 -1.393 0.155 -4.379 -3.01 -2.669 0.894 -0.1 -7.01 -3.408 -1.838
10 T 1.035 -1.045 -0.466 -0.887 -3.037 -1.772 -0.745 -0.466 -3.772 0.127 0.704 -0.336 -2.745 -2.211 -1.772 1.724 4.771 -6.223 -3.037 0.955
11 G 1.237 -2.31 -0.767 -1.195 -4.479 -2.864 -1.989 6.755 -3.835 -2.864 -1.699 -1.195 -4.88 -3.309 -2.864 0.017 -1.56 -6.479 -4.479 -2.139
12 E 0.228 -0.075 -0.665 1.645 -5.57 0.678 5.267 -1.086 -1.966 -2.413 -0.942 1.132 -3.966 -3.239 -1.966 0.228 -0.942 -6.426 -3.239 -1.409
13 L -0.393 -2.139 -3.689 -3.493 -3.309 -3.309 -2.672 -2.519 -4.672 2.356 5.91 -2.023 -0.08 0.202 -3.689 -2.139 -1.221 -5.689 -2.387 1.831
14 F -1.187 -2.849 -3.187 -3.187 -4.533 -4.533 -2.849 -2.011 -3.187 0.628 2.326 -2.849 -2.011 5.992 -4.533 -2.011 -2.011 -3.187 1.6 0.218
15 F -1.187 -2.849 -3.187 -3.187 -4.533 -4.533 -2.849 -2.011 -3.187 0.628 2.326 -2.849 -2.011 5.992 -4.533 -2.011 -2.011 -3.187 1.6 0.218